[1] 503 135
   X.x gene C3N.00560_tumor.x C3L.01682_tumor.x C3L.01682_tumor.1.x
20 501 TP53         2.8864176         2.4533965           2.4533965
21 502 AKT1         0.7158872         1.1063846           1.1063846
22 503 PTEN         0.8009496         0.7101356           0.7101356
   C3N.02423_tumor.x C3N.02423_tumor.1.x C3L.00095_tumor.x C3N.00578_tumor.x
20         0.2352129           0.2352129         3.1237187         1.3564861
21         0.9606379           0.9606379         1.0161926         1.3052495
22         0.9235113           0.9235113         0.9095347         0.9012887
   C3L.00001_tumor.x C3N.02424_tumor.x C3N.02424_tumor.1.x C3N.00959_tumor.x
20         1.4371457                NA                  NA         0.5156498
21         0.8892633         0.7189295           0.7189295         0.9931279
22         0.9773033         0.8262149           0.8262149         1.0856475
   C3N.00737_tumor.x C3N.00737_tumor.1.x C3L.01330_tumor.x C3L.01330_tumor.1.x
20         5.3964644           5.3964644         0.9112387           0.9112387
21         0.8351733           0.8351733         1.1599313           1.1599313
22         0.8262287           0.8262287         1.1237465           1.1237465
   X11LU016_tumor.x C3N.02087_tumor.x C3L.02345_tumor.x C3N.01415_tumor.x
20        1.8508316         1.8962721         1.3518539         4.6340694
21        1.0892496         0.9848334         0.9027385         0.8507635
22        0.8469853         1.0631411         0.7996185         0.8903348
   C3N.01023_tumor.x C3N.02529_tumor.x C3N.02529_tumor.1.x C3L.00368_tumor.x
20         1.3839551          2.089364            2.089364          1.182689
21         1.0513187          1.015798            1.015798          1.084477
22         0.5902436          1.031777            1.031777          1.198584
   C3L.00263_tumor.x C3L.00263_tumor.1.x C3N.00294_tumor.x C3L.02350_tumor.x
20         1.8979867           1.8979867         1.7903953          1.066778
21         1.1481562           1.1481562         0.7927689          1.067611
22         0.8746614           0.8746614         0.9587676          1.050967
   C3N.01072_tumor.x C3N.00217_tumor.x C3N.00217_tumor.1.x C3L.00080_tumor.x
20         1.2523283         2.1860052           2.1860052         3.0047293
21         0.8319477         1.0829835           1.0829835         0.9871765
22         1.0401761         0.9998107           0.9998107         0.5580361
   C3N.01488_tumor.x C3N.01823_tumor.x C3N.02002_tumor.x C3N.02002_tumor.1.x
20          1.498862         0.9154701         0.6635131           0.6635131
21          1.080167         0.9807027         0.8907502           0.8907502
22          1.131909         0.8543787         0.8651046           0.8651046
   C3L.00973_tumor.x C3N.00293_tumor.x C3N.02067_tumor.x C3N.02067_tumor.1.x
20         1.1411789                NA         0.9222084           0.9222084
21         0.9066316         1.0035794         0.9284084           0.9284084
22         1.0211222         0.8937679         1.0241054           1.0241054
   C3L.01632_tumor.x C3N.01405_tumor.x C3N.01030_tumor.x C3N.02729_tumor.x
20          1.145794         0.8184034          3.565247          1.840125
21          1.000249         0.7550133          0.892647          1.168630
22          1.008327         0.9083293          1.059210          1.099057
   C3N.02729_tumor.1.x C3L.01924_tumor.x C3L.01924_tumor.1.x C3L.00093_tumor.x
20            1.840125                NA                  NA         1.8731871
21            1.168630         0.8489976           0.8489976         0.7558003
22            1.099057         1.0795987           1.0795987         0.9756530
   C3N.02380_tumor.x C3N.02380_tumor.1.x C3N.01021_tumor.x C3N.02582_tumor.x
20         4.3980884           4.3980884          1.289119         1.2883630
21         0.8654640           0.8654640          1.355294         0.9697556
22         0.9210201           0.9210201          1.275274         0.7725856
   C3N.02582_tumor.1.x C3N.02422_tumor.x C3N.02422_tumor.1.x C3L.00422_tumor.x
20           1.2883630          2.972012            2.972012                NA
21           0.9697556          1.261102            1.261102          0.839400
22           0.7725856          1.255292            1.255292          1.178224
   C3L.00422_tumor.1.x C3N.02155_tumor.x C3L.01862_tumor.x C3N.01016_tumor.x
20                  NA         0.3640737         1.0650436         1.1591341
21            0.839400         1.2483390         0.9406192         0.7927874
22            1.178224         0.7242269         0.9620866         0.7265309
   C3L.00140_tumor.x C3N.00167_tumor.x C3N.02089_tumor.x C3N.00738_tumor.x
20          1.467007         0.9054053         3.9665336         0.3881578
21          1.061673         0.8518054         0.5813402         1.0166204
22          1.010473         1.0533132         0.5853849         0.9820520
   C3N.01414_tumor.x C3L.00094_tumor.x C3L.00893_tumor.x C3N.02003_tumor.x
20         1.1769330         1.4355905         1.0002729         9.5930310
21         0.9082094         0.8171254         0.9157956         0.9550857
22         0.9761051         0.8538047         1.0512051         0.9161863
   C3N.02003_tumor.1.x C3L.01889_tumor.x C3L.02365_tumor.x C3N.00433_tumor.x
20           9.5930310          1.496883         7.6611714                NA
21           0.9550857          1.641384         1.1814766         1.1507206
22           0.9161863          1.288798         0.7991198         0.9453626
   C3N.00546_tumor.x C3N.00547_tumor.x C3N.00574_tumor.x C3N.00199_tumor.x
20          1.487882         1.5167352         0.8353601         0.4803782
21          1.079875         0.8725372         1.0271671         1.2812484
22          1.071687         0.9773491         0.8281302         0.8494775
   C3L.00510_tumor.x C3L.00510_tumor.1.x C3N.00580_tumor.x C3N.01416_tumor.x
20         4.6692790           4.6692790         6.1872778                NA
21         1.2268951           1.2268951         0.8662944         1.0576402
22         0.7060335           0.7060335         0.7518934         0.9625016
   C3N.00572_tumor.x C3N.02586_tumor.x C3N.02586_tumor.1.x C3N.00545_tumor.x
20         6.2150568         9.5763186           9.5763186          1.579913
21         0.9844498         0.9085724           0.9085724          1.007673
22         0.8844884         0.8367682           0.8367682          1.085096
   C3N.00203_tumor.x C3N.01799_tumor.x C3L.02508_tumor.x C3L.02348_tumor.x
20         2.0781575         1.4133350          1.596246         1.4511915
21         1.0014859         1.0212578          1.008162         1.2438995
22         0.9849255         0.8944541          1.254064         0.9105748
   C3N.02572_tumor.x C3N.02572_tumor.1.x C3L.00604_tumor.x C3N.01024_tumor.x
20         6.3422294           6.3422294         1.1589159         2.1333925
21         0.9143396           0.9143396         1.0758318         1.4918108
22         0.7548820           0.7548820         0.8663005         0.8929269
   C3N.00551_tumor.x C3N.00180_tumor.x C3N.01074_tumor.x C3N.02433_tumor.x
20                NA          2.779039         3.0191527         0.9578875
21         0.8011522          1.078986         0.9036106         1.1218338
22         0.8759510          1.058834         0.7393237         0.9668470
   C3N.02433_tumor.1.x C3N.02588_tumor.x C3N.02588_tumor.1.x C3N.00550_tumor.x
20           0.9578875         3.7543736           3.7543736         2.1066693
21           1.1218338         0.9124872           0.9124872         0.9885954
22           0.9668470         0.6353647           0.6353647         0.9714986
   C3N.01413_tumor.x C3N.02145_tumor.x C3N.00704_tumor.x C3N.00704_tumor.1.x
20         2.1039355          1.197838          1.647337            1.647337
21         0.9806122          1.311399          0.974797            0.974797
22         0.8942843          0.816836          1.074239            1.074239
   C3L.00144_tumor.x C3N.02158_tumor.x C3L.00913_tumor.x C3L.00279_tumor.x
20          2.180574         1.4472384          1.666710                NA
21          0.974836         0.9547323          1.125969          1.002155
22          1.056029         0.8874087          1.078737          1.041323
   C3L.00279_tumor.1.x C3N.01489_tumor.x C3L.01890_tumor.x C3N.01071_tumor.x
20                  NA         2.2006227         0.6620952         2.5477485
21            1.002155         0.8890479         1.0572172         0.7848121
22            1.041323         0.8811229         0.9545265         0.6791522
   C3N.00223_tumor.x X11LU022_tumor.x C3L.02549_tumor.x C3N.00549_tumor.x
20         1.6784594        1.7502553         1.1857775         3.5412916
21         1.1309531        0.9636705         1.0824515         0.7483155
22         0.9171099        0.8639314         0.9330414         0.7912635
   C3L.02219_tumor.x C3N.00552_tumor.x C3N.01410_tumor.x X11LU035_tumor.x
20         0.9525816         1.5373350         1.1643003        3.0176028
21         0.9458943         0.8643784         1.2294710        0.9426555
22         0.8713082         1.1849267         0.8736434        1.0887779
   C3N.02000_tumor.x C3N.02000_tumor.1.x X11LU013_tumor.x C3N.01842_tumor.x
20         5.7920198           5.7920198         3.072025                NA
21         1.0740281           1.0740281         1.306002         1.1722846
22         0.9639057           0.9639057         1.109276         0.8957256
   C3N.00579_tumor.x C3N.02421_tumor.x C3N.02421_tumor.1.x C3L.00009_tumor.x
20         4.5537211         1.4948478           1.4948478         8.1027611
21         1.0496590         0.8510342           0.8510342         0.9439659
22         0.6614877         1.0446095           1.0446095         0.9639815
   C3N.00559_tumor.x C3N.02149_tumor.x C3N.00556_tumor.x C3N.00169_tumor.x
20         12.453278                NA         2.3108244                NA
21          1.192153         0.7353412         0.8612246         1.2452191
22          1.038183         0.9275451         1.0629395         0.7287631
   C3L.01683_tumor.x C3L.01683_tumor.1.x ensembl_gene_id X.y C3N.00560_tumor.y
20                NA                  NA ENSG00000141510   1         2.1413389
21         1.0849360           1.0849360 ENSG00000142208   2         0.7916634
22         0.9508699           0.9508699 ENSG00000171862   3         0.5630305
   C3L.01682_tumor.y C3L.01682_tumor.1.y C3N.02423_tumor.y C3N.02423_tumor.1.y
20         1.2699677           1.2699677         0.8453148           0.8453148
21         0.9121845           0.9121845         0.8943061           0.8943061
22         0.7661736           0.7661736         0.5075251           0.5075251
   C3L.00095_tumor.y C3N.00578_tumor.y C3L.00001_tumor.y C3N.02424_tumor.y
20         1.0518027         0.9670558         1.1916737         0.6192877
21         0.6064455         1.2286657         0.5191513         0.3877050
22         0.5892948         0.4480219         0.5862324         0.3784076
   C3N.02424_tumor.1.y C3N.00959_tumor.y C3N.00737_tumor.y C3N.00737_tumor.1.y
20           0.6192877         0.6837475         0.7378562           0.7378562
21           0.3877050         0.8355044         0.4467575           0.4467575
22           0.3784076         0.6520701         0.3194001           0.3194001
   C3L.01330_tumor.y C3L.01330_tumor.1.y X11LU016_tumor.y C3N.02087_tumor.y
20         0.9908717           0.9908717        1.7281682         1.5148166
21         1.0151957           1.0151957        1.2923893         1.1572226
22         0.7077012           0.7077012        0.5088543         0.5754821
   C3L.02345_tumor.y C3N.01415_tumor.y C3N.01023_tumor.y C3N.02529_tumor.y
20         1.1031933         1.3063326         1.2565664         1.1309366
21         0.5624098         0.9574834         0.8630670         0.7272142
22         0.5046799         0.6979858         0.4775109         0.6641673
   C3N.02529_tumor.1.y C3L.00368_tumor.y C3L.00263_tumor.y C3L.00263_tumor.1.y
20           1.1309366         1.0403131         1.1034051           1.1034051
21           0.7272142         0.7906851         0.6938798           0.6938798
22           0.6641673         0.7674779         0.5508278           0.5508278
   C3N.00294_tumor.y C3L.02350_tumor.y C3N.01072_tumor.y C3N.00217_tumor.y
20         0.6482801         0.6157960         0.5613298         1.1104283
21         1.0247944         0.6716410         0.6129955         1.6858991
22         0.6609731         0.5359102         0.6019751         0.7059725
   C3N.00217_tumor.1.y C3L.00080_tumor.y C3N.01488_tumor.y C3N.01823_tumor.y
20           1.1104283         1.5803525          2.098418         0.8033789
21           1.6858991         1.1204810          1.210683         0.9418070
22           0.7059725         0.5756445          0.735032         0.5332773
   C3N.02002_tumor.y C3N.02002_tumor.1.y C3L.00973_tumor.y C3N.00293_tumor.y
20         0.9640190           0.9640190         0.6573639         1.7191733
21         0.9954505           0.9954505         0.4704020         1.2007384
22         0.7511670           0.7511670         0.6854568         0.7157382
   C3N.02067_tumor.y C3N.02067_tumor.1.y C3L.01632_tumor.y C3N.01405_tumor.y
20         0.5929239           0.5929239         0.9691907         0.8379358
21         0.8525097           0.8525097         0.6190789         0.8513653
22         0.7546536           0.7546536         0.6509947         0.7421355
   C3N.01030_tumor.y C3N.02729_tumor.y C3N.02729_tumor.1.y C3L.01924_tumor.y
20         1.9719386         1.1193409           1.1193409         1.5056351
21         0.9157767         1.0776135           1.0776135         0.8148621
22         0.6837111         0.6328738           0.6328738         0.7773216
   C3L.01924_tumor.1.y C3L.00093_tumor.y C3N.02380_tumor.y C3N.02380_tumor.1.y
20           1.5056351         0.6962537         1.3790346           1.3790346
21           0.8148621         0.6125256         0.9894373           0.9894373
22           0.7773216         0.6132905         0.6170892           0.6170892
   C3N.01021_tumor.y C3N.02582_tumor.y C3N.02582_tumor.1.y C3N.02422_tumor.y
20         1.3986550         1.0053280           1.0053280         1.2108722
21         1.1039975         1.3021987           1.3021987         0.8059888
22         0.7965221         0.4692381           0.4692381         0.8021670
   C3N.02422_tumor.1.y C3L.00422_tumor.y C3L.00422_tumor.1.y C3N.02155_tumor.y
20           1.2108722         1.0028188           1.0028188         0.4624859
21           0.8059888         0.7239758           0.7239758         3.8146464
22           0.8021670         0.5009512           0.5009512         0.4000624
   C3L.01862_tumor.y C3N.01016_tumor.y C3L.00140_tumor.y C3N.00167_tumor.y
20         1.3727968         1.1075553         2.4702585         0.6934948
21         0.8056867         0.8664733         0.9506301         1.0933723
22         0.6235597         0.6406721         0.5612499         0.7444415
   C3N.02089_tumor.y C3N.00738_tumor.y C3N.01414_tumor.y C3L.00094_tumor.y
20         1.8964391         1.0596545         1.7415298         1.5311344
21         0.6742188         0.7714325         0.7774541         0.6893661
22         0.4596750         0.6028105         0.6372710         0.5138770
   C3L.00893_tumor.y C3N.02003_tumor.y C3N.02003_tumor.1.y C3L.01889_tumor.y
20         1.3718753         2.1287219           2.1287219         2.4537492
21         0.7760941         0.8087207           0.8087207         1.1886572
22         0.6999850         0.5429835           0.5429835         0.8784534
   C3L.02365_tumor.y C3N.00433_tumor.y C3N.00546_tumor.y C3N.00547_tumor.y
20         2.9493479         1.3386721         1.5208562         0.9899273
21         1.8866346         0.8812564         1.1479184         1.0108960
22         0.5721579         0.8480949         0.4896745         0.3104355
   C3N.00574_tumor.y C3N.00199_tumor.y C3L.00510_tumor.y C3L.00510_tumor.1.y
20         0.5839925         0.9687996         1.8178069           1.8178069
21         1.0494811         2.2617142         0.9570777           0.9570777
22         0.6639848         0.6829360         0.4888363           0.4888363
   C3N.00580_tumor.y C3N.01416_tumor.y C3N.00572_tumor.y C3N.02586_tumor.y
20         1.2228776          2.116564         1.2845784         1.7058388
21         0.8947499          1.321319         0.8354349         0.7384211
22         0.4701391          0.788046         0.4045604         0.4582394
   C3N.02586_tumor.1.y C3N.00545_tumor.y C3N.00203_tumor.y C3N.01799_tumor.y
20           1.7058388         0.9424978         1.3614130         2.0883467
21           0.7384211         0.8899880         1.1844616         1.1319640
22           0.4582394         0.5075189         0.9347598         0.7443771
   C3L.02508_tumor.y C3L.02348_tumor.y C3N.02572_tumor.y C3N.02572_tumor.1.y
20         1.2240726         1.5481594         1.4816242           1.4816242
21         0.8329851         1.1885821         1.2310856           1.2310856
22         1.0092783         0.5278206         0.4780988           0.4780988
   C3L.00604_tumor.y C3N.01024_tumor.y C3N.00551_tumor.y C3N.00180_tumor.y
20         1.5631860         1.4729442         0.7428915         0.8930062
21         1.1232541         1.8554605         0.7966979         1.3619291
22         0.4525667         0.6151465         0.5035616         0.4711944
   C3N.01074_tumor.y C3N.02433_tumor.y C3N.02433_tumor.1.y C3N.02588_tumor.y
20         1.1451536         1.2586789           1.2586789         1.9048522
21         0.7067569         0.9560041           0.9560041         0.9384555
22         0.4585139         0.5521898           0.5521898         0.3290678
   C3N.02588_tumor.1.y C3N.00550_tumor.y C3N.01413_tumor.y C3N.02145_tumor.y
20           1.9048522         0.7512128         1.0377072         1.6195740
21           0.9384555         1.0517565         0.9588939         1.3611089
22           0.3290678         0.4013772         0.5601525         0.6051155
   C3N.00704_tumor.y C3N.00704_tumor.1.y C3L.00144_tumor.y C3N.02158_tumor.y
20         0.9535345           0.9535345         1.3081282         1.7189929
21         0.7242951           0.7242951         0.6852561         1.4344165
22         0.6797595           0.6797595         0.4220590         0.5338198
   C3L.00913_tumor.y C3L.00279_tumor.y C3L.00279_tumor.1.y C3N.01489_tumor.y
20         0.7698489         1.2944756           1.2944756         1.5267863
21         0.7540993         0.8172327           0.8172327         1.1932087
22         0.5761672         0.5680885           0.5680885         0.7564771
   C3L.01890_tumor.y C3N.01071_tumor.y C3N.00223_tumor.y X11LU022_tumor.y
20         1.6726076         1.0372830         0.9659233        1.8686882
21         1.0257100         0.5219907         0.9147592        1.2413529
22         0.6878587         0.3144361         0.5569991        0.7029299
   C3L.02549_tumor.y C3N.00549_tumor.y C3L.02219_tumor.y C3N.00552_tumor.y
20         0.8910227         2.0733050         1.2121974         0.9889581
21         0.7753658         0.8349767         0.7422972         0.5283196
22         0.6370948         0.6980519         0.4871632         0.5047373
   C3N.01410_tumor.y X11LU035_tumor.y C3N.02000_tumor.y C3N.02000_tumor.1.y
20          2.247135        1.3879067         1.5511260           1.5511260
21          1.031070        0.9129196         0.9862428           0.9862428
22          0.491389        0.7026295         0.5963580           0.5963580
   X11LU013_tumor.y C3N.01842_tumor.y C3N.00579_tumor.y C3N.02421_tumor.y
20        1.3142184         0.9772430         1.4474124         1.6632416
21        2.0457277         1.4874987         1.7514273         1.0548891
22        0.5064367         0.8325451         0.4113459         0.8256132
   C3N.02421_tumor.1.y C3L.00009_tumor.y C3N.00559_tumor.y C3N.02149_tumor.y
20           1.6632416         0.9835343         2.8304564         0.5384043
21           1.0548891         0.5941138         1.9757361         0.7082893
22           0.8256132         0.8278104         0.8047778         0.5266011
   C3N.00556_tumor.y C3N.00169_tumor.y C3L.01683_tumor.y C3L.01683_tumor.1.y
20         0.8428087         2.2966435         1.1335621           1.1335621
21         0.9442430         1.4378923         0.7402197           0.7402197
22         0.8110817         0.3929484         0.7782553           0.7782553
